01110100 01101001
01111001 01100010
100111 01110101
00101 01110010
10010 01110011
11001 00100000
00001 01110011
001011 01011001
10010 00110000
10111 01100101
00100000 01000011
01101011 01111001

01101111 01101110
01100101 01110010
01100101 001000
01100101 00100
01100101 01100
01101001 01110
01110011 01101
00101101 010011
00110010 00110
01110010 01100
01111001 01100010
01101100 01101001

116 105 111 110 121 98 101 114 157 213 148 130 185 50 146 78 108 172 201 3 75 130 230 230 210 214 75 83 145 129 145 174 202 228 194 4 55 150 38 183 150 198 9